53176569 5379200
122607959 213254993
122607959 155218497
5764897 227014
5764897 75791
425998 155846028
425998 52122855
383087604 69518491
469095466 713528
46289633 204309266
46289633 69518491
46289633 155846028
46289633 227014
138889395 103528298
32710861 3508491
32710861 282432319
32371526 105767525
206588975 69518491
206588975 102990245
86530604 111924634
86530604 25780291
86530604 435009255
158580925 295102426
2613885 75791
26996826 5379200
10586563 161500591
10586563 144735090
10586563 52122855
260990486 213254993
3674929 986715
3674929 180385855
4485606 3039013
4485606 75791
165734548 5379200
165734548 87945984
165734548 709276449
165734548 435009255
165734548 155846028
165734548 463569168
165734548 480299444
165734548 439724694
58601455 227014
58601455 417798
58601455 75791
58601455 1615867
58601455 15530718
2613062 713528
2613062 135803858
109433230 108664857
109433230 70936303
198266667 3508491
225609982 69518491
823210 121942444
96827105 108664857
96827105 70936303
4848943 15530718
284306278 5379200
228535031 144735090
228535031 582734927
155587028 5379200
155587028 709276449
155587028 227014
155587028 121942444
155587028 144735090
381701971 144735090
158127120 5379200
5196667 5379200
23771470 91617538
21354950 709276449
42261253 144735090
198212323 75791
107000302 69518491
15530718 252231067
196016299 213254993
96163 52122855
365618047 295102426
365618047 69518491
2555282 144735090
177720788 5379200
7768536 3231975
2029722 15530718
4419559 367427776
4419559 144735090
4419559 252231067
4419559 225095897
4419559 986715
4419559 15530718
24499756 5379200
24499756 709276449
24499756 227014
24499756 121942444
24499756 144735090
24499756 135803858
24499756 439724694
153605755 69518491
182103479 69518491
172614022 108664857
172614022 223308138
172614022 70936303
3231975 282432319
157040051 5379200
157040051 144735090
285855621 144735090
214427640 295102426
214427640 69518491
112627038 223308138
247615237 443114798
263567710 169820010
263567710 463569168
263567710 157040051
263567710 252231067
263567710 15530718
133458409 102990245
225095897 75791
19624402 144735090
35376618 87945984
713528 144735090
713528 85070911
4158053 3508491
4158053 25184147
4158053 3231975
354731106 709276449
354731106 144735090
354731106 121942444
772939 3508491
772939 25184147
133099353 161538568
463569168 155218497
463569168 435009255
463569168 216904265
463569168 294743794
463569168 480299444
463569168 439724694
20587565 1615867
20587565 102990245
20587565 227014
20587565 70936303
937482 976
937482 223308138
937482 144735090
