507303770 463569168
507303770 551637083
507303770 439724694
230827194 212464933
131935888 5764897
323899550 5764897
180410569 155846028
158077663 122607959
43288225 15858369
43288225 74456350
395791185 74456350
36857281 5379200
100734666 5764897
179532994 124073288
443435649 463569168
134136887 157040051
505982186 216904265
505982186 74456350
160323199 144735090
160323199 15530718
160323199 582734927
505150737 463569168
151373617 105767525
256110505 144735090
229861944 144735090
15740564 3508491
133394473 986715
63630044 126346259
432003792 270501722
311289271 111924634
14324365 709276449
14324365 144735090
14324365 25780291
14324365 15530718
12570272 87945984
12570272 180385855
328271240 86530604
15042797 124073288
15042797 135548131
384329654 202711054
260482169 144735090
154940948 157040051
12333390 87945984
614959109 294743794
346290007 439724694
227014 5764897
227014 155846028
227014 75791
227014 294743794
227014 551637083
324710742 36857281
137473558 5379200
40215194 20643549
452204832 126346259
73115 3508491
73115 204309266
73115 986715
386362401 463569168
241336766 87945984
104202298 144735090
104202298 417798
155799915 155846028
155799915 443114798
113271896 50146442
152534310 213254993
152534310 225095897
5244769 189690713
