161538568 5379200
161538568 3508491
75791 225095897
75791 227014
75791 5764897
108664857 70936303
86530604 111924634
86530604 25780291
86530604 435009255
262815800 141056489
85070911 713528
155218497 155846028
155218497 70936303
155218497 463569168
155218497 213254993
155218497 122607959
155218497 69518491
25780291 86530604
13822534 5379200
216904265 463569168
216904265 249525849
249525849 216904265
551637083 227014
5379200 36857281
5379200 13822534
5379200 161538568
5379200 155846028
5379200 228281262
5379200 204309266
5379200 157040051
439724694 87945984
439724694 463569168
439724694 144735090
69518491 155218497
69518491 223308138
69518491 155846028
69518491 443114798
69518491 70936303
69518491 295102426
367427776 144735090
15858369 2873300
227014 5764897
227014 155846028
227014 75791
227014 294743794
227014 551637083
449363147 151044041
225095897 75791
15530718 252231067
3231975 282432319
52122855 155846028
435009255 5379200
435009255 463569168
435009255 86530604
70936303 155218497
70936303 102990245
70936303 169820010
70936303 108664857
70936303 69518491
294743794 463569168
294743794 155846028
294743794 227014
228535031 144735090
228535031 582734927
10147584 105767525
87945984 463569168
87945984 144735090
87945984 439724694
463569168 155218497
463569168 435009255
463569168 216904265
463569168 294743794
463569168 480299444
463569168 439724694
204309266 5379200
204309266 480299444
204309266 155846028
204309266 228281262
267852054 189690713
5764897 227014
5764897 75791
709276449 144735090
709276449 155846028
709276449 11824423
198266667 3508491
443114798 69518491
713528 144735090
713528 85070911
282432319 3231975
124073288 144735090
213254993 155218497
213254993 122607959
122607959 213254993
122607959 155218497
189690713 151044041
189690713 126346259
189690713 267852054
270501722 144735090
275025756 144735090
169820010 223308138
169820010 70936303
223308138 52946881
223308138 169820010
223308138 69518491
144735090 87945984
144735090 105767525
144735090 124073288
144735090 126346259
144735090 157040051
144735090 228535031
144735090 713528
144735090 1615867
285855621 144735090
155846028 5379200
155846028 155218497
155846028 709276449
155846028 227014
155846028 52122855
155846028 294743794
155846028 204309266
155846028 480299444
155846028 69518491
111924634 86530604
102990245 1615867
102990245 70936303
228281262 5379200
228281262 204309266
157040051 5379200
157040051 144735090
480299444 463569168
480299444 204309266
480299444 155846028
36857281 5379200
52946881 223308138
151044041 189690713
151044041 449363147
2873300 15858369
295102426 69518491
141056489 262815800
